REMARK 350   BIOMT1   1  1.000000  0.000000  0.000000        0.00000            
REMARK 350   BIOMT2   1  0.000000  1.000000  0.000000        0.00000            
REMARK 350   BIOMT3   1  0.000000  0.000000  1.000000        0.00000            
REMARK 350   BIOMT1   2 -0.809017 -0.500000  0.309017        0.00000            
REMARK 350   BIOMT2   2 -0.500000  0.309017 -0.809017        0.00000            
REMARK 350   BIOMT3   2  0.309017 -0.809017 -0.500000        0.00000            
REMARK 350   BIOMT1   3  0.000000  1.000000  0.000000        0.00000            
REMARK 350   BIOMT2   3  0.000000  0.000000 -1.000000        0.00000            
REMARK 350   BIOMT3   3 -1.000000  0.000000  0.000000        0.00000            
REMARK 350   BIOMT1   4  0.809017 -0.500000 -0.309017        0.00000            
REMARK 350   BIOMT2   4 -0.500000 -0.309017 -0.809017        0.00000            
REMARK 350   BIOMT3   4  0.309017  0.809017 -0.500000        0.00000            
REMARK 350   BIOMT1   5  0.500000  0.309017 -0.809017        0.00000            
REMARK 350   BIOMT2   5 -0.309017 -0.809017 -0.500000        0.00000            
REMARK 350   BIOMT3   5 -0.809017  0.500000 -0.309017        0.00000            
REMARK 350   BIOMT1   6 -0.309017 -0.809017 -0.500000        0.00000            
REMARK 350   BIOMT2   6 -0.809017  0.500000 -0.309017        0.00000            
REMARK 350   BIOMT3   6  0.500000  0.309017 -0.809017        0.00000            
REMARK 350   BIOMT1   7 -0.809017  0.500000 -0.309017        0.00000            
REMARK 350   BIOMT2   7  0.500000  0.309017 -0.809017        0.00000            
REMARK 350   BIOMT3   7 -0.309017 -0.809017 -0.500000        0.00000            
REMARK 350   BIOMT1   8 -0.809017 -0.500000 -0.309017        0.00000            
REMARK 350   BIOMT2   8  0.500000 -0.309017 -0.809017        0.00000            
REMARK 350   BIOMT3   8  0.309017 -0.809017  0.500000        0.00000            
REMARK 350   BIOMT1   9 -0.309017  0.809017 -0.500000        0.00000            
REMARK 350   BIOMT2   9 -0.809017 -0.500000 -0.309017        0.00000            
REMARK 350   BIOMT3   9 -0.500000  0.309017  0.809017        0.00000            
REMARK 350   BIOMT1  10  0.500000 -0.309017 -0.809017        0.00000            
REMARK 350   BIOMT2  10 -0.309017  0.809017 -0.500000        0.00000            
REMARK 350   BIOMT3  10  0.809017  0.500000  0.309017        0.00000            
REMARK 350   BIOMT1  11  0.000000  0.000000 -1.000000        0.00000            
REMARK 350   BIOMT2  11 -1.000000  0.000000  0.000000        0.00000            
REMARK 350   BIOMT3  11  0.000000  1.000000  0.000000        0.00000            
REMARK 350   BIOMT1  12 -0.500000 -0.309017 -0.809017        0.00000            
REMARK 350   BIOMT2  12  0.309017  0.809017 -0.500000        0.00000            
REMARK 350   BIOMT3  12  0.809017 -0.500000 -0.309017        0.00000            
REMARK 350   BIOMT1  13 -0.500000  0.309017 -0.809017        0.00000            
REMARK 350   BIOMT2  13  0.309017 -0.809017 -0.500000        0.00000            
REMARK 350   BIOMT3  13 -0.809017 -0.500000  0.309017        0.00000            
REMARK 350   BIOMT1  14 -0.309017 -0.809017 -0.500000        0.00000            
REMARK 350   BIOMT2  14  0.809017 -0.500000  0.309017        0.00000            
REMARK 350   BIOMT3  14 -0.500000 -0.309017  0.809017        0.00000            
REMARK 350   BIOMT1  15 -0.809017  0.500000 -0.309017        0.00000            
REMARK 350   BIOMT2  15 -0.500000 -0.309017  0.809017        0.00000            
REMARK 350   BIOMT3  15  0.309017  0.809017  0.500000        0.00000            
REMARK 350   BIOMT1  16  0.500000  0.309017 -0.809017        0.00000            
REMARK 350   BIOMT2  16  0.309017  0.809017  0.500000        0.00000            
REMARK 350   BIOMT3  16  0.809017 -0.500000  0.309017        0.00000            
REMARK 350   BIOMT1  17 -0.500000  0.309017 -0.809017        0.00000            
REMARK 350   BIOMT2  17 -0.309017  0.809017  0.500000        0.00000            
REMARK 350   BIOMT3  17  0.809017  0.500000 -0.309017        0.00000            
REMARK 350   BIOMT1  18  0.000000  0.000000 -1.000000        0.00000            
REMARK 350   BIOMT2  18  1.000000  0.000000  0.000000        0.00000            
REMARK 350   BIOMT3  18  0.000000 -1.000000  0.000000        0.00000            
REMARK 350   BIOMT1  19 -0.500000 -0.309017 -0.809017        0.00000            
REMARK 350   BIOMT2  19 -0.309017 -0.809017  0.500000        0.00000            
REMARK 350   BIOMT3  19 -0.809017  0.500000  0.309017        0.00000            
REMARK 350   BIOMT1  20  0.000000 -1.000000  0.000000        0.00000            
REMARK 350   BIOMT2  20  0.000000  0.000000  1.000000        0.00000            
REMARK 350   BIOMT3  20 -1.000000  0.000000  0.000000        0.00000            
REMARK 350   BIOMT1  21 -0.809017  0.500000  0.309017        0.00000            
REMARK 350   BIOMT2  21  0.500000  0.309017  0.809017        0.00000            
REMARK 350   BIOMT3  21  0.309017  0.809017 -0.500000        0.00000            
REMARK 350   BIOMT1  22  0.809017  0.500000 -0.309017        0.00000            
REMARK 350   BIOMT2  22  0.500000 -0.309017  0.809017        0.00000            
REMARK 350   BIOMT3  22  0.309017 -0.809017 -0.500000        0.00000            
REMARK 350   BIOMT1  23 -0.309017  0.809017 -0.500000        0.00000            
REMARK 350   BIOMT2  23  0.809017  0.500000  0.309017        0.00000            
REMARK 350   BIOMT3  23  0.500000 -0.309017 -0.809017        0.00000            
REMARK 350   BIOMT1  24  0.500000 -0.309017 -0.809017        0.00000            
REMARK 350   BIOMT2  24  0.309017 -0.809017  0.500000        0.00000            
REMARK 350   BIOMT3  24 -0.809017 -0.500000 -0.309017        0.00000            
REMARK 350   BIOMT1  25 -0.809017 -0.500000 -0.309017        0.00000            
REMARK 350   BIOMT2  25 -0.500000  0.309017  0.809017        0.00000            
REMARK 350   BIOMT3  25 -0.309017  0.809017 -0.500000        0.00000            
REMARK 350   BIOMT1  26 -0.309017 -0.809017  0.500000        0.00000            
REMARK 350   BIOMT2  26 -0.809017  0.500000  0.309017        0.00000            
REMARK 350   BIOMT3  26 -0.500000 -0.309017 -0.809017        0.00000            
REMARK 350   BIOMT1  27 -0.309017  0.809017  0.500000        0.00000            
REMARK 350   BIOMT2  27  0.809017  0.500000 -0.309017        0.00000            
REMARK 350   BIOMT3  27 -0.500000  0.309017 -0.809017        0.00000            
REMARK 350   BIOMT1  28  1.000000  0.000000  0.000000        0.00000            
REMARK 350   BIOMT2  28  0.000000 -1.000000  0.000000        0.00000            
REMARK 350   BIOMT3  28  0.000000  0.000000 -1.000000        0.00000            
REMARK 350   BIOMT1  29  0.309017  0.809017 -0.500000        0.00000            
REMARK 350   BIOMT2  29  0.809017 -0.500000 -0.309017        0.00000            
REMARK 350   BIOMT3  29 -0.500000 -0.309017 -0.809017        0.00000            
REMARK 350   BIOMT1  30  0.309017 -0.809017 -0.500000        0.00000            
REMARK 350   BIOMT2  30 -0.809017 -0.500000  0.309017        0.00000            
REMARK 350   BIOMT3  30 -0.500000  0.309017 -0.809017        0.00000            
REMARK 350   BIOMT1  31 -1.000000  0.000000  0.000000        0.00000            
REMARK 350   BIOMT2  31  0.000000  1.000000  0.000000        0.00000            
REMARK 350   BIOMT3  31  0.000000  0.000000 -1.000000        0.00000            
REMARK 350   BIOMT1  32  0.809017  0.500000 -0.309017        0.00000            
REMARK 350   BIOMT2  32 -0.500000  0.309017 -0.809017        0.00000            
REMARK 350   BIOMT3  32 -0.309017  0.809017  0.500000        0.00000            
REMARK 350   BIOMT1  33  0.000000 -1.000000  0.000000        0.00000            
REMARK 350   BIOMT2  33  0.000000  0.000000 -1.000000        0.00000            
REMARK 350   BIOMT3  33  1.000000  0.000000  0.000000        0.00000            
REMARK 350   BIOMT1  34 -0.809017  0.500000  0.309017        0.00000            
REMARK 350   BIOMT2  34 -0.500000 -0.309017 -0.809017        0.00000            
REMARK 350   BIOMT3  34 -0.309017 -0.809017  0.500000        0.00000            
REMARK 350   BIOMT1  35 -0.500000 -0.309017  0.809017        0.00000            
REMARK 350   BIOMT2  35 -0.309017 -0.809017 -0.500000        0.00000            
REMARK 350   BIOMT3  35  0.809017 -0.500000  0.309017        0.00000            
REMARK 350   BIOMT1  36  0.309017  0.809017  0.500000        0.00000            
REMARK 350   BIOMT2  36 -0.809017  0.500000 -0.309017        0.00000            
REMARK 350   BIOMT3  36 -0.500000 -0.309017  0.809017        0.00000            
REMARK 350   BIOMT1  37  0.809017 -0.500000  0.309017        0.00000            
REMARK 350   BIOMT2  37  0.500000  0.309017 -0.809017        0.00000            
REMARK 350   BIOMT3  37  0.309017  0.809017  0.500000        0.00000            
REMARK 350   BIOMT1  38  0.809017  0.500000  0.309017        0.00000            
REMARK 350   BIOMT2  38  0.500000 -0.309017 -0.809017        0.00000            
REMARK 350   BIOMT3  38 -0.309017  0.809017 -0.500000        0.00000            
REMARK 350   BIOMT1  39  0.309017 -0.809017  0.500000        0.00000            
REMARK 350   BIOMT2  39 -0.809017 -0.500000 -0.309017        0.00000            
REMARK 350   BIOMT3  39  0.500000 -0.309017 -0.809017        0.00000            
REMARK 350   BIOMT1  40 -0.500000  0.309017  0.809017        0.00000            
REMARK 350   BIOMT2  40 -0.309017  0.809017 -0.500000        0.00000            
REMARK 350   BIOMT3  40 -0.809017 -0.500000 -0.309017        0.00000            
REMARK 350   BIOMT1  41  0.000000  0.000000  1.000000        0.00000            
REMARK 350   BIOMT2  41 -1.000000  0.000000  0.000000        0.00000            
REMARK 350   BIOMT3  41  0.000000 -1.000000  0.000000        0.00000            
REMARK 350   BIOMT1  42  0.500000  0.309017  0.809017        0.00000            
REMARK 350   BIOMT2  42  0.309017  0.809017 -0.500000        0.00000            
REMARK 350   BIOMT3  42 -0.809017  0.500000  0.309017        0.00000            
REMARK 350   BIOMT1  43  0.500000 -0.309017  0.809017        0.00000            
REMARK 350   BIOMT2  43  0.309017 -0.809017 -0.500000        0.00000            
REMARK 350   BIOMT3  43  0.809017  0.500000 -0.309017        0.00000            
REMARK 350   BIOMT1  44  0.309017  0.809017  0.500000        0.00000            
REMARK 350   BIOMT2  44  0.809017 -0.500000  0.309017        0.00000            
REMARK 350   BIOMT3  44  0.500000  0.309017 -0.809017        0.00000            
REMARK 350   BIOMT1  45  0.809017 -0.500000  0.309017        0.00000            
REMARK 350   BIOMT2  45 -0.500000 -0.309017  0.809017        0.00000            
REMARK 350   BIOMT3  45 -0.309017 -0.809017 -0.500000        0.00000            
REMARK 350   BIOMT1  46 -0.500000 -0.309017  0.809017        0.00000            
REMARK 350   BIOMT2  46  0.309017  0.809017  0.500000        0.00000            
REMARK 350   BIOMT3  46 -0.809017  0.500000 -0.309017        0.00000            
REMARK 350   BIOMT1  47  0.500000 -0.309017  0.809017        0.00000            
REMARK 350   BIOMT2  47 -0.309017  0.809017  0.500000        0.00000            
REMARK 350   BIOMT3  47 -0.809017 -0.500000  0.309017        0.00000            
REMARK 350   BIOMT1  48  0.000000  0.000000  1.000000        0.00000            
REMARK 350   BIOMT2  48  1.000000  0.000000  0.000000        0.00000            
REMARK 350   BIOMT3  48  0.000000  1.000000  0.000000        0.00000            
REMARK 350   BIOMT1  49  0.500000  0.309017  0.809017        0.00000            
REMARK 350   BIOMT2  49 -0.309017 -0.809017  0.500000        0.00000            
REMARK 350   BIOMT3  49  0.809017 -0.500000 -0.309017        0.00000            
REMARK 350   BIOMT1  50  0.000000  1.000000  0.000000        0.00000            
REMARK 350   BIOMT2  50  0.000000  0.000000  1.000000        0.00000            
REMARK 350   BIOMT3  50  1.000000  0.000000  0.000000        0.00000            
REMARK 350   BIOMT1  51  0.809017 -0.500000 -0.309017        0.00000            
REMARK 350   BIOMT2  51  0.500000  0.309017  0.809017        0.00000            
REMARK 350   BIOMT3  51 -0.309017 -0.809017  0.500000        0.00000            
REMARK 350   BIOMT1  52 -0.809017 -0.500000  0.309017        0.00000            
REMARK 350   BIOMT2  52  0.500000 -0.309017  0.809017        0.00000            
REMARK 350   BIOMT3  52 -0.309017  0.809017  0.500000        0.00000            
REMARK 350   BIOMT1  53  0.309017 -0.809017  0.500000        0.00000            
REMARK 350   BIOMT2  53  0.809017  0.500000  0.309017        0.00000            
REMARK 350   BIOMT3  53 -0.500000  0.309017  0.809017        0.00000            
REMARK 350   BIOMT1  54 -0.500000  0.309017  0.809017        0.00000            
REMARK 350   BIOMT2  54  0.309017 -0.809017  0.500000        0.00000            
REMARK 350   BIOMT3  54  0.809017  0.500000  0.309017        0.00000            
REMARK 350   BIOMT1  55  0.809017  0.500000  0.309017        0.00000            
REMARK 350   BIOMT2  55 -0.500000  0.309017  0.809017        0.00000            
REMARK 350   BIOMT3  55  0.309017 -0.809017  0.500000        0.00000            
REMARK 350   BIOMT1  56  0.309017  0.809017 -0.500000        0.00000            
REMARK 350   BIOMT2  56 -0.809017  0.500000  0.309017        0.00000            
REMARK 350   BIOMT3  56  0.500000  0.309017  0.809017        0.00000            
REMARK 350   BIOMT1  57  0.309017 -0.809017 -0.500000        0.00000            
REMARK 350   BIOMT2  57  0.809017  0.500000 -0.309017        0.00000            
REMARK 350   BIOMT3  57  0.500000 -0.309017  0.809017        0.00000            
REMARK 350   BIOMT1  58 -1.000000  0.000000  0.000000        0.00000            
REMARK 350   BIOMT2  58  0.000000 -1.000000  0.000000        0.00000            
REMARK 350   BIOMT3  58  0.000000  0.000000  1.000000        0.00000            
REMARK 350   BIOMT1  59 -0.309017 -0.809017  0.500000        0.00000            
REMARK 350   BIOMT2  59  0.809017 -0.500000 -0.309017        0.00000            
REMARK 350   BIOMT3  59  0.500000  0.309017  0.809017        0.00000            
REMARK 350   BIOMT1  60 -0.309017  0.809017  0.500000        0.00000            
REMARK 350   BIOMT2  60 -0.809017 -0.500000  0.309017        0.00000            
REMARK 350   BIOMT3  60  0.500000 -0.309017  0.809017        0.00000            
